#include <Eigen/Dense>
#include <vector>

std::vector<Eigen::MatrixXd> create_matrices() {
    std::vector<Eigen::MatrixXd> matrices;
    
    // Matrix 0
    Eigen::MatrixXd m0(6, 6);
    m0 <<  0.219408,  0.0,      -0.004914, 0.0,      -0.899831, -0.0,
           0.0,       0.220637,  0.0,      0.899831,  0.0,      -0.027398,
          -0.004914,  0.0,       0.012351, 0.0,       0.027398,  0.0,
           0.0,       0.899831,  0.0,      5.0169,    0.0,       0.0,
          -0.899831,  0.0,       0.027398, 0.0,       5.0169,    0.0,
          -0.0,      -0.027398,  0.0,      0.0,       0.0,       5.0169;
    matrices.push_back(m0);
    
    // Matrix 1
    Eigen::MatrixXd m1(6, 6);
    m1 <<  0.143493, -0.0,       0.0,       0.0,      -0.712176, -0.070668,
          -0.0,       0.13815,   0.010208,  0.712176,  0.0,       0.0,
           0.0,       0.010208,  0.017498,  0.070668, -0.0,       0.0,
           0.0,       0.712176,  0.070668,  4.930416,  0.0,       0.0,
          -0.712176,  0.0,      -0.0,       0.0,       4.930416,  0.0,
          -0.070668,  0.0,       0.0,       0.0,       0.0,       4.930416;
    matrices.push_back(m1);
    
    // Matrix 2
    Eigen::MatrixXd m2(6, 6);
    m2 << 122.247479,  0.000009,   0.000001,   0.0,        -5.639513,  65.838109,
           0.000009,   0.789263,  -7.238394,   5.639513,    0.0,        0.000007,
           0.000001,  -7.238394,  121.61501,  -65.838109,  -0.000007,   0.0,
           0.0,         5.639513, -65.838109,  51.295197,   0.0,        0.0,
          -5.639513,    0.0,       -0.000007,   0.0,        51.295197,  0.0,
          65.838109,    0.000007,   0.0,        0.0,         0.0,       51.295197;
    matrices.push_back(m2);
    
    // Matrix 3
    Eigen::MatrixXd m3(6, 6);
    m3 << 122.959038,  0.000009,  -0.000001,   0.0,        -5.586025, -66.119255,
           0.000009,   0.777558,   7.200387,   5.586025,    0.0,       -0.000007,
          -0.000001,   7.200387,  122.33872,   66.119255,   0.000007,   0.0,
           0.0,         5.586025,  66.119255,  51.295,      0.0,        0.0,
          -5.586025,    0.0,        0.000007,   0.0,        51.295,     0.0,
         -66.119255,  -0.000007,   0.0,        0.0,         0.0,       51.295;
    matrices.push_back(m3);
    
    // Matrix 4
    Eigen::MatrixXd m4(6, 6);
    m4 <<  0.097586,  0.0,       -0.0,       0.0,      -0.489048, -0.21606,
           0.0,       0.064994,  0.021431,  0.489048,  0.0,       -0.0,
          -0.0,       0.021431,  0.044747,  0.21606,   0.0,        0.0,
           0.0,       0.489048,  0.21606,    4.930416,  0.0,        0.0,
          -0.489048,  0.0,        0.0,       0.0,       4.930416,   0.0,
          -0.21606,  -0.0,        0.0,       0.0,       0.0,        4.930416;
    matrices.push_back(m4);
    
    // Matrix 5
    Eigen::MatrixXd m5(6, 6);
    m5 <<  0.041063, -0.0,      -0.031823,  0.0,      -0.380524,  0.0,
          -0.0,       0.123044, -0.0,       0.380524,  0.0,       -0.419564,
          -0.031823, -0.0,       0.093102, -0.0,       0.419564,  0.0,
           0.0,       0.380524, -0.0,       5.016919,  0.0,        0.0,
          -0.380524,  0.0,       0.419564,  0.0,       5.016919,   0.0,
           0.0,      -0.419564,  0.0,       0.0,       0.0,        5.016919;
    matrices.push_back(m5);
    
    // Matrix 6
    Eigen::MatrixXd m6(6, 6);
    m6 <<  0.027164,  0.0,       0.0,       0.0,      -0.183045, -0.023859,
           0.0,       0.025414,  0.002522,  0.183045,  0.0,       0.0,
           0.0,       0.002522,  0.003807,  0.023859,  0.0,       0.0,
           0.0,       0.183045,  0.023859,  1.731856,  0.0,       0.0,
          -0.183045,  0.0,       0.0,       0.0,       1.731856,  0.0,
          -0.023859,  0.0,       0.0,       0.0,       0.0,       1.731856;
    matrices.push_back(m6);
    
    return matrices;
}