机器人模型: iiwa14
关节数量: 8
自由度数量: 7
================================================================================

Link 0: universe
质量: 5.000000 kg
质心位置: [-0.100000, 0.000000, 0.070000] m

6x6 空间惯量矩阵:
    5.000000     0.000000     0.000000    -0.000000     0.350000    -0.000000
    0.000000     5.000000     0.000000    -0.350000    -0.000000    -0.500000
    0.000000     0.000000     5.000000     0.000000     0.500000    -0.000000
    0.000000    -0.350000     0.000000     0.074500     0.000000     0.035000
    0.350000     0.000000     0.500000     0.000000     0.134500     0.000000
   -0.000000    -0.500000     0.000000     0.035000     0.000000     0.080000

3x3 转动惯量矩阵 (相对于质心):
    0.050000     0.000000     0.000000
    0.000000     0.060000     0.000000
    0.000000     0.000000     0.030000

--------------------------------------------------------------------------------

Link 1: iiwa_joint_1
质量: 4.000000 kg
质心位置: [0.000000, -0.030000, 0.120000] m

6x6 空间惯量矩阵:
    4.000000     0.000000     0.000000    -0.000000     0.480000     0.120000
    0.000000     4.000000     0.000000    -0.480000    -0.000000     0.000000
    0.000000     0.000000     4.000000    -0.120000    -0.000000    -0.000000
    0.000000    -0.480000    -0.120000     0.161200     0.000000     0.000000
    0.480000     0.000000    -0.000000     0.000000     0.147600     0.014400
    0.120000     0.000000     0.000000     0.000000     0.014400     0.023600

3x3 转动惯量矩阵 (相对于质心):
    0.100000     0.000000     0.000000
    0.000000     0.090000     0.000000
    0.000000     0.000000     0.020000

--------------------------------------------------------------------------------

Link 2: iiwa_joint_2
质量: 4.000000 kg
质心位置: [0.000300, 0.059000, 0.042000] m

6x6 空间惯量矩阵:
    4.000000     0.000000     0.000000    -0.000000     0.168000    -0.236000
    0.000000     4.000000     0.000000    -0.168000    -0.000000     0.001200
    0.000000     0.000000     4.000000     0.236000    -0.001200    -0.000000
    0.000000    -0.168000     0.236000     0.070980    -0.000071    -0.000050
    0.168000     0.000000    -0.001200    -0.000071     0.025056    -0.009912
   -0.236000     0.001200     0.000000    -0.000050    -0.009912     0.057924

3x3 转动惯量矩阵 (相对于质心):
    0.050000     0.000000     0.000000
    0.000000     0.018000     0.000000
    0.000000     0.000000     0.044000

--------------------------------------------------------------------------------

Link 3: iiwa_joint_3
质量: 3.000000 kg
质心位置: [0.000000, 0.030000, 0.130000] m

6x6 空间惯量矩阵:
    3.000000     0.000000     0.000000    -0.000000     0.390000    -0.090000
    0.000000     3.000000     0.000000    -0.390000    -0.000000     0.000000
    0.000000     0.000000     3.000000     0.090000    -0.000000    -0.000000
    0.000000    -0.390000     0.090000     0.078400     0.000000     0.000000
    0.390000     0.000000    -0.000000     0.000000     0.074500    -0.011700
   -0.090000     0.000000     0.000000     0.000000    -0.011700     0.010300

3x3 转动惯量矩阵 (相对于质心):
    0.025000     0.000000     0.000000
    0.000000     0.023800     0.000000
    0.000000     0.000000     0.007600

--------------------------------------------------------------------------------

Link 4: iiwa_joint_4
质量: 2.700000 kg
质心位置: [0.000000, 0.067000, 0.034000] m

6x6 空间惯量矩阵:
    2.700000     0.000000     0.000000    -0.000000     0.091800    -0.180900
    0.000000     2.700000     0.000000    -0.091800    -0.000000     0.000000
    0.000000     0.000000     2.700000     0.180900    -0.000000    -0.000000
    0.000000    -0.091800     0.180900     0.045242     0.000000     0.000000
    0.091800     0.000000    -0.000000     0.000000     0.013121    -0.006151
   -0.180900     0.000000     0.000000     0.000000    -0.006151     0.041120

3x3 转动惯量矩阵 (相对于质心):
    0.030000     0.000000     0.000000
    0.000000     0.010000     0.000000
    0.000000     0.000000     0.029000

--------------------------------------------------------------------------------

Link 5: iiwa_joint_5
质量: 1.700000 kg
质心位置: [0.000100, 0.021000, 0.076000] m

6x6 空间惯量矩阵:
    1.700000     0.000000     0.000000    -0.000000     0.129200    -0.035700
    0.000000     1.700000     0.000000    -0.129200    -0.000000     0.000170
    0.000000     0.000000     1.700000     0.035700    -0.000170    -0.000000
    0.000000    -0.129200     0.035700     0.030569    -0.000004    -0.000013
    0.129200     0.000000    -0.000170    -0.000004     0.027819    -0.002713
   -0.035700     0.000170     0.000000    -0.000013    -0.002713     0.005750

3x3 转动惯量矩阵 (相对于质心):
    0.020000     0.000000     0.000000
    0.000000     0.018000     0.000000
    0.000000     0.000000     0.005000

--------------------------------------------------------------------------------

Link 6: iiwa_joint_6
质量: 1.800000 kg
质心位置: [0.000000, 0.000600, 0.000400] m

6x6 空间惯量矩阵:
    1.800000     0.000000     0.000000    -0.000000     0.000720    -0.001080
    0.000000     1.800000     0.000000    -0.000720    -0.000000     0.000000
    0.000000     0.000000     1.800000     0.001080    -0.000000    -0.000000
    0.000000    -0.000720     0.001080     0.005001     0.000000     0.000000
    0.000720     0.000000    -0.000000     0.000000     0.003600    -0.000000
   -0.001080     0.000000     0.000000     0.000000    -0.000000     0.004701

3x3 转动惯量矩阵 (相对于质心):
    0.005000     0.000000     0.000000
    0.000000     0.003600     0.000000
    0.000000     0.000000     0.004700

--------------------------------------------------------------------------------

Link 7: iiwa_joint_7
质量: 0.300000 kg
质心位置: [0.000000, 0.000000, 0.020000] m

6x6 空间惯量矩阵:
    0.300000     0.000000     0.000000    -0.000000     0.006000    -0.000000
    0.000000     0.300000     0.000000    -0.006000    -0.000000     0.000000
    0.000000     0.000000     0.300000     0.000000    -0.000000    -0.000000
    0.000000    -0.006000     0.000000     0.001120     0.000000     0.000000
    0.006000     0.000000    -0.000000     0.000000     0.001120     0.000000
   -0.000000     0.000000     0.000000     0.000000     0.000000     0.001000

3x3 转动惯量矩阵 (相对于质心):
    0.001000     0.000000     0.000000
    0.000000     0.001000     0.000000
    0.000000     0.000000     0.001000

--------------------------------------------------------------------------------

